[[[[3.38541667e-12 1.52587916e-23 1.92592994e-33 1.92592994e-33
    6.54816181e-33]
   [1.52587916e-23 7.62932824e-24 3.65926689e-33 2.50370893e-33
    9.43705673e-33]
   [1.92592994e-33 3.65926689e-33 5.20001085e-33 5.00741786e-33
    9.62964972e-33]
   [1.92592994e-33 2.50370893e-33 5.00741786e-33 6.93334780e-33
    6.93334780e-33]
   [6.54816181e-33 9.43705673e-33 9.62964972e-33 6.93334780e-33
    1.65629975e-32]]

  [[3.90625000e-13 1.95311279e-13 3.65926689e-33 2.50370893e-33
    9.43705673e-33]
   [1.95311279e-13 1.30207248e-13 4.81482486e-33 2.88889492e-33
    1.13629867e-32]
   [3.65926689e-33 4.81482486e-33 5.20001085e-33 4.42963887e-33
    1.05926147e-32]
   [2.50370893e-33 2.88889492e-33 4.42963887e-33 5.58519684e-33
    7.89631277e-33]
   [9.43705673e-33 1.13629867e-32 1.05926147e-32 7.89631277e-33
    1.84889275e-32]]

  [[1.92592994e-33 3.65926689e-33 5.20001085e-33 5.00741786e-33
    9.62964972e-33]
   [3.65926689e-33 4.81482486e-33 5.20001085e-33 4.42963887e-33
    1.05926147e-32]
   [5.20001085e-33 5.20001085e-33 6.16297582e-33 7.12594079e-33
    1.11703937e-32]
   [5.00741786e-33 4.42963887e-33 7.12594079e-33 1.04000217e-32
    1.07852077e-32]
   [9.62964972e-33 1.05926147e-32 1.11703937e-32 1.07852077e-32
    1.86815205e-32]]

  ...

  [[1.92592994e-33 2.50370893e-33 5.00741786e-33 6.93334780e-33
    6.93334780e-33]
   [2.50370893e-33 2.88889492e-33 4.42963887e-33 5.58519684e-33
    7.89631277e-33]
   [5.00741786e-33 4.42963887e-33 7.12594079e-33 1.04000217e-32
    1.07852077e-32]
   [6.93334780e-33 5.58519684e-33 1.04000217e-32 1.65629975e-32
    1.27111376e-32]
   [6.93334780e-33 7.89631277e-33 1.07852077e-32 1.27111376e-32
    1.69481835e-32]]

  [[6.54816181e-33 9.43705673e-33 9.62964972e-33 6.93334780e-33
    1.38666956e-32]
   [9.43705673e-33 1.13629867e-32 1.05926147e-32 7.89631277e-33
    1.71407765e-32]
   [9.62964972e-33 1.05926147e-32 1.11703937e-32 1.07852077e-32
    1.86815205e-32]
   [6.93334780e-33 7.89631277e-33 1.07852077e-32 1.27111376e-32
    1.69481835e-32]
   [1.38666956e-32 1.71407765e-32 1.86815205e-32 1.69481835e-32
    3.08148791e-32]]

  [[1.11703937e-32 1.63704045e-32 1.42518816e-32 6.93334780e-33
    2.08000434e-32]
   [1.63704045e-32 1.98370784e-32 1.67555905e-32 1.02074287e-32
    2.63852402e-32]
   [1.42518816e-32 1.67555905e-32 1.52148466e-32 1.11703937e-32
    2.65778332e-32]
   [6.93334780e-33 1.02074287e-32 1.11703937e-32 8.85927774e-33
    2.11852294e-32]
   [2.08000434e-32 2.63852402e-32 2.65778332e-32 2.11852294e-32
    4.46815747e-32]]]


 [[[1.35416385e-11 2.44160918e-22 3.83814149e-27 1.92592994e-33
    6.54816181e-33]
   [2.44178844e-22 1.22090919e-22 6.84157724e-29 2.50370893e-33
    9.43705673e-33]
   [8.18581298e-27 4.43479093e-27 2.09918468e-28 5.00741786e-33
    9.62964972e-33]
   [1.92592994e-33 2.50370893e-33 5.00741786e-33 6.93334780e-33
    6.93334780e-33]
   [6.54816181e-33 9.43705673e-33 9.62964972e-33 6.93334780e-33
    1.65629975e-32]]

  [[1.56249645e-12 7.81238556e-13 6.21870992e-27 2.50370893e-33
    9.43705673e-33]
   [7.81238515e-13 5.20823472e-13 2.71123327e-27 2.88889492e-33
    1.13629867e-32]
   [1.16277635e-28 1.35555289e-27 3.95044189e-27 4.42963887e-33
    1.05926147e-32]
   [2.50370893e-33 2.88889492e-33 4.42963887e-33 5.58519684e-33
    7.89631277e-33]
   [9.43705673e-33 1.13629867e-32 1.05926147e-32 7.89631277e-33
    1.84889275e-32]]

  [[3.37751663e-26 1.66355460e-26 5.13160008e-27 5.00741786e-33
    9.62964972e-33]
   [3.26195444e-26 2.13556840e-26 6.71098609e-27 4.42963887e-33
    1.05926147e-32]
   [6.88379266e-27 9.12519744e-27 7.76583641e-27 7.12594079e-33
    1.11703937e-32]
   [5.00741786e-33 4.42963887e-33 7.12594079e-33 1.04000217e-32
    1.07852077e-32]
   [9.62964972e-33 1.05926147e-32 1.11703937e-32 1.07852077e-32
    1.86815205e-32]]

  ...

  [[1.92592994e-33 2.50370893e-33 5.00741786e-33 6.93334780e-33
    6.93334780e-33]
   [2.50370893e-33 2.88889492e-33 4.42963887e-33 5.58519684e-33
    7.89631277e-33]
   [5.00741786e-33 4.42963887e-33 7.12594079e-33 1.04000217e-32
    1.07852077e-32]
   [6.93334780e-33 5.58519684e-33 1.04000217e-32 1.65629975e-32
    1.27111376e-32]
   [6.93334780e-33 7.89631277e-33 1.07852077e-32 1.27111376e-32
    1.69481835e-32]]

  [[6.54816181e-33 9.43705673e-33 9.62964972e-33 6.93334780e-33
    1.38666956e-32]
   [9.43705673e-33 1.13629867e-32 1.05926147e-32 7.89631277e-33
    1.71407765e-32]
   [9.62964972e-33 1.05926147e-32 1.11703937e-32 1.07852077e-32
    1.86815205e-32]
   [6.93334780e-33 7.89631277e-33 1.07852077e-32 1.27111376e-32
    1.69481835e-32]
   [1.38666956e-32 1.71407765e-32 1.86815205e-32 1.69481835e-32
    3.08148791e-32]]

  [[1.11703937e-32 1.63704045e-32 1.42518816e-32 6.93334780e-33
    2.08000434e-32]
   [1.63704045e-32 1.98370784e-32 1.67555905e-32 1.02074287e-32
    2.63852402e-32]
   [1.42518816e-32 1.67555905e-32 1.52148466e-32 1.11703937e-32
    2.65778332e-32]
   [6.93334780e-33 1.02074287e-32 1.11703937e-32 8.85927774e-33
    2.11852294e-32]
   [2.08000434e-32 2.63852402e-32 2.65778332e-32 2.11852294e-32
    4.46815747e-32]]]


 [[[3.04685811e-11 1.23629034e-21 6.13947692e-26 1.92592994e-33
    6.54816181e-33]
   [1.23657572e-21 6.18315300e-22 1.09551575e-27 2.50370893e-33
    9.43705673e-33]
   [1.30980194e-25 7.09275340e-26 3.36345638e-27 5.00741786e-33
    9.62964972e-33]
   [1.92592994e-33 2.50370893e-33 5.00741786e-33 6.93334780e-33
    6.93334780e-33]
   [6.54816181e-33 9.43705673e-33 9.62964972e-33 6.93334780e-33
    1.65629975e-32]]

  [[3.51560368e-12 1.75776947e-12 9.95178506e-26 2.50370893e-33
    9.43705673e-33]
   [1.75776923e-12 1.17183862e-12 4.33970076e-26 2.88889492e-33
    1.13629867e-32]
   [1.86158462e-27 2.16969528e-26 6.32349103e-26 4.42963887e-33
    1.05926147e-32]
   [2.50370893e-33 2.88889492e-33 4.42963887e-33 5.58519684e-33
    7.89631277e-33]
   [9.43705673e-33 1.13629867e-32 1.05926147e-32 7.89631277e-33
    1.84889275e-32]]

  [[5.40460127e-25 2.66213503e-25 8.21391310e-26 5.00741786e-33
    9.62964972e-33]
   [5.21924822e-25 3.41761795e-25 1.07393902e-25 4.42963887e-33
    1.05926147e-32]
   [1.10202633e-25 1.46067631e-25 1.24331584e-25 7.12594079e-33
    1.11703937e-32]
   [5.00741786e-33 4.42963887e-33 7.12594079e-33 1.04000217e-32
    1.07852077e-32]
   [9.62964972e-33 1.05926147e-32 1.11703937e-32 1.07852077e-32
    1.86815205e-32]]

  ...

  [[1.92592994e-33 2.50370893e-33 5.00741786e-33 6.93334780e-33
    6.93334780e-33]
   [2.50370893e-33 2.88889492e-33 4.42963887e-33 5.58519684e-33
    7.89631277e-33]
   [5.00741786e-33 4.42963887e-33 7.12594079e-33 1.04000217e-32
    1.07852077e-32]
   [6.93334780e-33 5.58519684e-33 1.04000217e-32 1.65629975e-32
    1.27111376e-32]
   [6.93334780e-33 7.89631277e-33 1.07852077e-32 1.27111376e-32
    1.69481835e-32]]

  [[6.54816181e-33 9.43705673e-33 9.62964972e-33 6.93334780e-33
    1.38666956e-32]
   [9.43705673e-33 1.13629867e-32 1.05926147e-32 7.89631277e-33
    1.71407765e-32]
   [9.62964972e-33 1.05926147e-32 1.11703937e-32 1.07852077e-32
    1.86815205e-32]
   [6.93334780e-33 7.89631277e-33 1.07852077e-32 1.27111376e-32
    1.69481835e-32]
   [1.38666956e-32 1.71407765e-32 1.86815205e-32 1.69481835e-32
    3.08148791e-32]]

  [[1.11703937e-32 1.63704045e-32 1.42518816e-32 6.93334780e-33
    2.08000434e-32]
   [1.63704045e-32 1.98370784e-32 1.67555905e-32 1.02074287e-32
    2.63852402e-32]
   [1.42518816e-32 1.67555905e-32 1.52148466e-32 1.11703937e-32
    2.65778332e-32]
   [6.93334780e-33 1.02074287e-32 1.11703937e-32 8.85927774e-33
    2.11852294e-32]
   [2.08000434e-32 2.63852402e-32 2.65778332e-32 2.11852294e-32
    4.46815747e-32]]]


 ...


 [[[3.48052273e-07 2.78234402e-08 5.38993841e-09 2.40918136e-09
    9.47918331e-10]
   [1.80122893e-07 9.57780820e-09 3.37974704e-08 1.27356640e-08
    1.56430138e-09]
   [1.84895206e-08 1.96892682e-08 1.20950227e-08 3.18429704e-09
    4.34420387e-09]
   [4.34537873e-08 1.36824892e-08 1.80164752e-08 3.95025191e-09
    2.37575598e-09]
   [1.37089695e-08 9.64651866e-09 6.65230961e-09 1.90188408e-09
    1.53850308e-09]]

  [[7.39249988e-08 7.45680388e-08 1.53710473e-08 4.61283348e-09
    2.76222101e-09]
   [8.16546103e-08 4.65597622e-08 2.37807492e-08 6.59476676e-09
    2.41106538e-09]
   [5.85324102e-08 2.52464039e-08 1.12291705e-08 4.67134455e-09
    4.78966339e-09]
   [9.93845367e-09 1.40563767e-08 7.27035001e-09 8.06849089e-09
    2.43851081e-09]
   [5.23879053e-08 4.99428033e-08 3.84278514e-09 5.84636724e-09
    2.30544601e-09]]

  [[1.03673148e-07 5.21650694e-08 1.59784607e-08 3.43595403e-09
    8.30624832e-10]
   [3.57030362e-08 2.41180620e-08 1.59823209e-08 9.08075742e-09
    2.43059767e-09]
   [1.65374085e-08 2.41316460e-08 1.24174693e-08 6.05666691e-09
    1.38568317e-09]
   [2.06637823e-08 1.16732259e-08 1.46578875e-08 2.47685168e-09
    2.17291490e-09]
   [2.55766455e-08 2.18387657e-08 9.69146653e-09 2.99404725e-09
    1.02658754e-09]]

  ...

  [[5.39514646e-10 3.01335694e-10 9.18935268e-11 1.52820068e-10
    4.46025221e-10]
   [6.44219581e-10 2.21510113e-10 1.31622704e-10 3.85145327e-10
    8.46898313e-10]
   [1.61629242e-09 6.75042686e-10 2.06446566e-10 4.60951095e-10
    1.25356259e-09]
   [1.14109075e-09 1.91654011e-10 1.63429977e-10 6.40889564e-10
    1.01006391e-09]
   [8.06767274e-10 3.80459649e-10 1.27378864e-10 3.28370205e-10
    6.94247700e-10]]

  [[4.82360910e-11 4.82258355e-11 4.83290657e-11 1.23386779e-10
    2.52296433e-10]
   [2.29856281e-10 1.25798197e-10 7.54754056e-11 1.01432434e-10
    4.68499094e-10]
   [2.91631299e-10 2.36314818e-10 1.46246235e-10 3.06834372e-10
    8.60309901e-10]
   [3.64374215e-10 2.29488058e-10 1.32686324e-10 1.64191059e-10
    6.03799318e-10]
   [2.64538616e-10 2.07026924e-10 1.23957978e-10 1.91307301e-10
    3.07062569e-10]]

  [[2.58726911e-11 2.03753308e-11 2.42604056e-11 6.21394654e-11
    9.15625196e-11]
   [9.72487303e-11 8.54108744e-11 7.90973493e-11 1.38933076e-10
    2.37133199e-10]
   [1.35692699e-10 1.03049818e-10 9.35301852e-11 1.73285404e-10
    2.95222088e-10]
   [1.68160973e-10 1.27538639e-10 1.10631212e-10 1.69151709e-10
    2.65945797e-10]
   [6.07500770e-11 5.30189346e-11 5.61052249e-11 1.02430750e-10
    1.28996149e-10]]]


 [[[3.47730009e-07 2.78058992e-08 5.40041579e-09 2.40982585e-09
    9.46046052e-10]
   [1.80013215e-07 9.58597076e-09 3.38041367e-08 1.27297157e-08
    1.56591789e-09]
   [1.85439743e-08 1.96999708e-08 1.20889201e-08 3.18747500e-09
    4.34621944e-09]
   [4.34302951e-08 1.36829420e-08 1.80234244e-08 3.95096651e-09
    2.37570194e-09]
   [1.37175992e-08 9.66393854e-09 6.64842929e-09 1.90058322e-09
    1.53889396e-09]]

  [[7.38198885e-08 7.45549863e-08 1.53637555e-08 4.61502458e-09
    2.75856075e-09]
   [8.16494263e-08 4.65927205e-08 2.37736567e-08 6.59385657e-09
    2.41547259e-09]
   [5.86312409e-08 2.52607160e-08 1.12256284e-08 4.66770780e-09
    4.79004190e-09]
   [9.92495090e-09 1.40492039e-08 7.27071795e-09 8.06442559e-09
    2.44054948e-09]
   [5.24691883e-08 5.00391718e-08 3.83896879e-09 5.84692869e-09
    2.30706587e-09]]

  [[1.03631932e-07 5.20902534e-08 1.59596638e-08 3.44245212e-09
    8.32093052e-10]
   [3.57251539e-08 2.41235438e-08 1.59750584e-08 9.08070231e-09
    2.43503114e-09]
   [1.65577205e-08 2.41200156e-08 1.24103155e-08 6.05518386e-09
    1.38717361e-09]
   [2.06891459e-08 1.16876468e-08 1.46651618e-08 2.47570337e-09
    2.17673830e-09]
   [2.55719492e-08 2.18398216e-08 9.68944137e-09 2.99663272e-09
    1.02741885e-09]]

  ...

  [[5.39506898e-10 3.01342419e-10 9.18907740e-11 1.52848104e-10
    4.46501708e-10]
   [6.44253828e-10 2.21791630e-10 1.31880892e-10 3.84998194e-10
    8.48114501e-10]
   [1.61585667e-09 6.74924919e-10 2.06302615e-10 4.61188639e-10
    1.25529271e-09]
   [1.14201728e-09 1.91941098e-10 1.63476087e-10 6.40861067e-10
    1.01080011e-09]
   [8.07120005e-10 3.80747276e-10 1.27400705e-10 3.28491239e-10
    6.94603632e-10]]

  [[4.82236500e-11 4.81918956e-11 4.83565538e-11 1.23523435e-10
    2.52402394e-10]
   [2.30110513e-10 1.25849818e-10 7.55207005e-11 1.01518959e-10
    4.68520335e-10]
   [2.91550757e-10 2.36211248e-10 1.46285394e-10 3.07214601e-10
    8.60495766e-10]
   [3.64554086e-10 2.29559609e-10 1.32739203e-10 1.64294035e-10
    6.03755337e-10]
   [2.64471192e-10 2.07008457e-10 1.24015586e-10 1.91408563e-10
    3.07158796e-10]]

  [[2.58840506e-11 2.03790970e-11 2.42727210e-11 6.21779359e-11
    9.16105553e-11]
   [9.73006309e-11 8.54811206e-11 7.91936031e-11 1.39115850e-10
    2.37395144e-10]
   [1.35713818e-10 1.03074266e-10 9.35742368e-11 1.73440711e-10
    2.95492997e-10]
   [1.68275518e-10 1.27665171e-10 1.10755380e-10 1.69332532e-10
    2.66232192e-10]
   [6.07868315e-11 5.30482202e-11 5.61304275e-11 1.02470717e-10
    1.29050021e-10]]]


 [[[0.00000000e+00 0.00000000e+00 0.00000000e+00 0.00000000e+00
    0.00000000e+00]
   [0.00000000e+00 0.00000000e+00 0.00000000e+00 0.00000000e+00
    0.00000000e+00]
   [0.00000000e+00 0.00000000e+00 0.00000000e+00 0.00000000e+00
    0.00000000e+00]
   [0.00000000e+00 0.00000000e+00 0.00000000e+00 0.00000000e+00
    0.00000000e+00]
   [0.00000000e+00 0.00000000e+00 0.00000000e+00 0.00000000e+00
    0.00000000e+00]]

  [[0.00000000e+00 0.00000000e+00 0.00000000e+00 0.00000000e+00
    0.00000000e+00]
   [0.00000000e+00 0.00000000e+00 0.00000000e+00 0.00000000e+00
    0.00000000e+00]
   [0.00000000e+00 0.00000000e+00 0.00000000e+00 0.00000000e+00
    0.00000000e+00]
   [0.00000000e+00 0.00000000e+00 0.00000000e+00 0.00000000e+00
    0.00000000e+00]
   [0.00000000e+00 0.00000000e+00 0.00000000e+00 0.00000000e+00
    0.00000000e+00]]

  [[0.00000000e+00 0.00000000e+00 0.00000000e+00 0.00000000e+00
    0.00000000e+00]
   [0.00000000e+00 0.00000000e+00 0.00000000e+00 0.00000000e+00
    0.00000000e+00]
   [0.00000000e+00 0.00000000e+00 0.00000000e+00 0.00000000e+00
    0.00000000e+00]
   [0.00000000e+00 0.00000000e+00 0.00000000e+00 0.00000000e+00
    0.00000000e+00]
   [0.00000000e+00 0.00000000e+00 0.00000000e+00 0.00000000e+00
    0.00000000e+00]]

  ...

  [[0.00000000e+00 0.00000000e+00 0.00000000e+00 0.00000000e+00
    0.00000000e+00]
   [0.00000000e+00 0.00000000e+00 0.00000000e+00 0.00000000e+00
    0.00000000e+00]
   [0.00000000e+00 0.00000000e+00 0.00000000e+00 0.00000000e+00
    0.00000000e+00]
   [0.00000000e+00 0.00000000e+00 0.00000000e+00 0.00000000e+00
    0.00000000e+00]
   [0.00000000e+00 0.00000000e+00 0.00000000e+00 0.00000000e+00
    0.00000000e+00]]

  [[0.00000000e+00 0.00000000e+00 0.00000000e+00 0.00000000e+00
    0.00000000e+00]
   [0.00000000e+00 0.00000000e+00 0.00000000e+00 0.00000000e+00
    0.00000000e+00]
   [0.00000000e+00 0.00000000e+00 0.00000000e+00 0.00000000e+00
    0.00000000e+00]
   [0.00000000e+00 0.00000000e+00 0.00000000e+00 0.00000000e+00
    0.00000000e+00]
   [0.00000000e+00 0.00000000e+00 0.00000000e+00 0.00000000e+00
    0.00000000e+00]]

  [[0.00000000e+00 0.00000000e+00 0.00000000e+00 0.00000000e+00
    0.00000000e+00]
   [0.00000000e+00 0.00000000e+00 0.00000000e+00 0.00000000e+00
    0.00000000e+00]
   [0.00000000e+00 0.00000000e+00 0.00000000e+00 0.00000000e+00
    0.00000000e+00]
   [0.00000000e+00 0.00000000e+00 0.00000000e+00 0.00000000e+00
    0.00000000e+00]
   [0.00000000e+00 0.00000000e+00 0.00000000e+00 0.00000000e+00
    0.00000000e+00]]]]