[[[[5.41666667e-11 3.90625065e-21 1.92592994e-33 1.92592994e-33
    6.54816181e-33]
   [3.90625065e-21 1.95312397e-21 3.65926689e-33 2.50370893e-33
    9.43705673e-33]
   [1.92592994e-33 3.65926689e-33 5.20001085e-33 5.00741786e-33
    9.62964972e-33]
   [1.92592994e-33 2.50370893e-33 5.00741786e-33 6.93334780e-33
    6.93334780e-33]
   [6.54816181e-33 9.43705673e-33 9.62964972e-33 6.93334780e-33
    1.65629975e-32]]

  [[6.25000000e-12 3.12492187e-12 3.65926689e-33 2.50370893e-33
    9.43705673e-33]
   [3.12492187e-12 2.08326389e-12 4.81482486e-33 2.88889492e-33
    1.13629867e-32]
   [3.65926689e-33 4.81482486e-33 5.20001085e-33 4.42963887e-33
    1.05926147e-32]
   [2.50370893e-33 2.88889492e-33 4.42963887e-33 5.58519684e-33
    7.89631277e-33]
   [9.43705673e-33 1.13629867e-32 1.05926147e-32 7.89631277e-33
    1.84889275e-32]]

  [[1.92592994e-33 3.65926689e-33 5.20001085e-33 5.00741786e-33
    9.62964972e-33]
   [3.65926689e-33 4.81482486e-33 5.20001085e-33 4.42963887e-33
    1.05926147e-32]
   [5.20001085e-33 5.20001085e-33 6.16297582e-33 7.12594079e-33
    1.11703937e-32]
   [5.00741786e-33 4.42963887e-33 7.12594079e-33 1.04000217e-32
    1.07852077e-32]
   [9.62964972e-33 1.05926147e-32 1.11703937e-32 1.07852077e-32
    1.86815205e-32]]

  ...

  [[1.92592994e-33 2.50370893e-33 5.00741786e-33 6.93334780e-33
    6.93334780e-33]
   [2.50370893e-33 2.88889492e-33 4.42963887e-33 5.58519684e-33
    7.89631277e-33]
   [5.00741786e-33 4.42963887e-33 7.12594079e-33 1.04000217e-32
    1.07852077e-32]
   [6.93334780e-33 5.58519684e-33 1.04000217e-32 1.65629975e-32
    1.27111376e-32]
   [6.93334780e-33 7.89631277e-33 1.07852077e-32 1.27111376e-32
    1.69481835e-32]]

  [[6.54816181e-33 9.43705673e-33 9.62964972e-33 6.93334780e-33
    1.38666956e-32]
   [9.43705673e-33 1.13629867e-32 1.05926147e-32 7.89631277e-33
    1.71407765e-32]
   [9.62964972e-33 1.05926147e-32 1.11703937e-32 1.07852077e-32
    1.86815205e-32]
   [6.93334780e-33 7.89631277e-33 1.07852077e-32 1.27111376e-32
    1.69481835e-32]
   [1.38666956e-32 1.71407765e-32 1.86815205e-32 1.69481835e-32
    3.08148791e-32]]

  [[1.11703937e-32 1.63704045e-32 1.42518816e-32 6.93334780e-33
    2.08000434e-32]
   [1.63704045e-32 1.98370784e-32 1.67555905e-32 1.02074287e-32
    2.63852402e-32]
   [1.42518816e-32 1.67555905e-32 1.52148466e-32 1.11703937e-32
    2.65778332e-32]
   [6.93334780e-33 1.02074287e-32 1.11703937e-32 8.85927774e-33
    2.11852294e-32]
   [2.08000434e-32 2.63852402e-32 2.65778332e-32 2.11852294e-32
    4.46815747e-32]]]


 [[[2.16664865e-10 6.25044178e-20 9.82254422e-25 1.92592994e-33
    6.54816181e-33]
   [6.25089455e-20 3.12549028e-20 1.75355556e-26 2.50370893e-33
    9.43705673e-33]
   [2.09564838e-24 1.13469885e-24 5.38474349e-26 5.00741786e-33
    9.62964972e-33]
   [1.92592994e-33 2.50370893e-33 5.00741786e-33 6.93334780e-33
    6.93334780e-33]
   [6.54816181e-33 9.43705673e-33 9.62964972e-33 6.93334780e-33
    1.65629975e-32]]

  [[2.49997726e-11 1.24992676e-11 1.59229514e-24 2.50370893e-33
    9.43705673e-33]
   [1.24992650e-11 8.33270218e-12 6.94421441e-25 2.88889492e-33
    1.13629867e-32]
   [2.97948820e-26 3.47167533e-25 1.01181433e-24 4.42963887e-33
    1.05926147e-32]
   [2.50370893e-33 2.88889492e-33 4.42963887e-33 5.58519684e-33
    7.89631277e-33]
   [9.43705673e-33 1.13629867e-32 1.05926147e-32 7.89631277e-33
    1.84889275e-32]]

  [[8.64748469e-24 4.25964055e-24 1.31437961e-24 5.00741786e-33
    9.62964972e-33]
   [8.35071126e-24 5.46850185e-24 1.71852067e-24 4.42963887e-33
    1.05926147e-32]
   [1.76339855e-24 2.33735004e-24 1.98957930e-24 7.12594079e-33
    1.11703937e-32]
   [5.00741786e-33 4.42963887e-33 7.12594079e-33 1.04000217e-32
    1.07852077e-32]
   [9.62964972e-33 1.05926147e-32 1.11703937e-32 1.07852077e-32
    1.86815205e-32]]

  ...

  [[1.92592994e-33 2.50370893e-33 5.00741786e-33 6.93334780e-33
    6.93334780e-33]
   [2.50370893e-33 2.88889492e-33 4.42963887e-33 5.58519684e-33
    7.89631277e-33]
   [5.00741786e-33 4.42963887e-33 7.12594079e-33 1.04000217e-32
    1.07852077e-32]
   [6.93334780e-33 5.58519684e-33 1.04000217e-32 1.65629975e-32
    1.27111376e-32]
   [6.93334780e-33 7.89631277e-33 1.07852077e-32 1.27111376e-32
    1.69481835e-32]]

  [[6.54816181e-33 9.43705673e-33 9.62964972e-33 6.93334780e-33
    1.38666956e-32]
   [9.43705673e-33 1.13629867e-32 1.05926147e-32 7.89631277e-33
    1.71407765e-32]
   [9.62964972e-33 1.05926147e-32 1.11703937e-32 1.07852077e-32
    1.86815205e-32]
   [6.93334780e-33 7.89631277e-33 1.07852077e-32 1.27111376e-32
    1.69481835e-32]
   [1.38666956e-32 1.71407765e-32 1.86815205e-32 1.69481835e-32
    3.08148791e-32]]

  [[1.11703937e-32 1.63704045e-32 1.42518816e-32 6.93334780e-33
    2.08000434e-32]
   [1.63704045e-32 1.98370784e-32 1.67555905e-32 1.02074287e-32
    2.63852402e-32]
   [1.42518816e-32 1.67555905e-32 1.52148466e-32 1.11703937e-32
    2.65778332e-32]
   [6.93334780e-33 1.02074287e-32 1.11703937e-32 8.85927774e-33
    2.11852294e-32]
   [2.08000434e-32 2.63852402e-32 2.65778332e-32 2.11852294e-32
    4.46815747e-32]]]


 [[[4.87489188e-10 3.16479541e-19 1.57159187e-23 1.92592994e-33
    6.54816181e-33]
   [3.22178282e-19 1.61096112e-19 8.61368398e-24 2.50370893e-33
    9.43705673e-33]
   [3.35294370e-23 1.81546944e-23 8.61636192e-25 5.00741786e-33
    9.62964972e-33]
   [1.92592994e-33 2.50370893e-33 5.00741786e-33 6.93334780e-33
    6.93334780e-33]
   [6.54816181e-33 9.43705673e-33 9.62964972e-33 6.93334780e-33
    1.65629975e-32]]

  [[5.62486358e-11 2.81222460e-11 2.54773157e-23 2.50370893e-33
    9.43705673e-33]
   [2.81221930e-11 1.87476464e-11 2.36107252e-23 2.88889492e-33
    1.13629867e-32]
   [4.76756427e-25 5.55461506e-24 1.61889175e-23 4.42963887e-33
    1.05926147e-32]
   [2.50370893e-33 2.88889492e-33 4.42963887e-33 5.58519684e-33
    7.89631277e-33]
   [9.43705673e-33 1.13629867e-32 1.05926147e-32 7.89631277e-33
    1.84889275e-32]]

  [[1.38359735e-22 6.81540490e-23 2.10308075e-23 5.00741786e-33
    9.62964972e-33]
   [1.08611554e-22 7.49971991e-23 3.58291039e-23 4.42963887e-33
    1.05926147e-32]
   [2.82139996e-23 3.73972084e-23 3.18337385e-23 7.12594079e-33
    1.11703937e-32]
   [5.00741786e-33 4.42963887e-33 7.12594079e-33 1.04000217e-32
    1.07852077e-32]
   [9.62964972e-33 1.05926147e-32 1.11703937e-32 1.07852077e-32
    1.86815205e-32]]

  ...

  [[1.92592994e-33 2.50370893e-33 5.00741786e-33 6.93334780e-33
    6.93334780e-33]
   [2.50370893e-33 2.88889492e-33 4.42963887e-33 5.58519684e-33
    7.89631277e-33]
   [5.00741786e-33 4.42963887e-33 7.12594079e-33 1.04000217e-32
    1.07852077e-32]
   [6.93334780e-33 5.58519684e-33 1.04000217e-32 1.65629975e-32
    1.27111376e-32]
   [6.93334780e-33 7.89631277e-33 1.07852077e-32 1.27111376e-32
    1.69481835e-32]]

  [[6.54816181e-33 9.43705673e-33 9.62964972e-33 6.93334780e-33
    1.38666956e-32]
   [9.43705673e-33 1.13629867e-32 1.05926147e-32 7.89631277e-33
    1.71407765e-32]
   [9.62964972e-33 1.05926147e-32 1.11703937e-32 1.07852077e-32
    1.86815205e-32]
   [6.93334780e-33 7.89631277e-33 1.07852077e-32 1.27111376e-32
    1.69481835e-32]
   [1.38666956e-32 1.71407765e-32 1.86815205e-32 1.69481835e-32
    3.08148791e-32]]

  [[1.11703937e-32 1.63704045e-32 1.42518816e-32 6.93334780e-33
    2.08000434e-32]
   [1.63704045e-32 1.98370784e-32 1.67555905e-32 1.02074287e-32
    2.63852402e-32]
   [1.42518816e-32 1.67555905e-32 1.52148466e-32 1.11703937e-32
    2.65778332e-32]
   [6.93334780e-33 1.02074287e-32 1.11703937e-32 8.85927774e-33
    2.11852294e-32]
   [2.08000434e-32 2.63852402e-32 2.65778332e-32 2.11852294e-32
    4.46815747e-32]]]


 ...


 [[[3.26001426e-06 1.29250059e-07 1.38638266e-08 1.12124065e-08
    3.08509294e-09]
   [2.84298954e-07 5.03649438e-08 5.56422686e-08 1.38723379e-08
    4.21808297e-09]
   [7.31268588e-08 4.42822706e-08 6.28263161e-09 4.25276678e-09
    1.98095751e-09]
   [3.32010710e-08 1.99993974e-08 3.07899959e-09 1.90722794e-09
    8.29556669e-10]
   [1.66873863e-09 1.99564605e-09 6.63458696e-10 3.80426763e-10
    1.04887236e-10]]

  [[6.40651817e-07 3.47393512e-07 3.83890036e-08 1.47389835e-08
    2.99675633e-09]
   [3.12893664e-07 1.70686819e-07 2.58011077e-08 1.48156107e-08
    3.89974967e-09]
   [6.92927019e-08 5.01271496e-08 1.41394104e-08 9.16752921e-09
    1.64971588e-09]
   [1.82463662e-08 1.24490192e-08 5.25047428e-09 1.96905591e-09
    8.47070569e-10]
   [6.69883761e-09 5.67838152e-09 1.73145480e-09 8.77931553e-10
    1.90411829e-10]]

  [[3.60761539e-07 1.78716903e-07 5.92512010e-08 5.84704743e-09
    3.46163247e-09]
   [8.19188017e-08 1.06346643e-07 2.89140212e-08 6.76701046e-09
    4.37268023e-09]
   [2.80986268e-08 2.74623127e-08 1.53914874e-08 4.10290019e-09
    2.08215534e-09]
   [2.41020061e-08 2.13955746e-08 7.70404410e-09 1.97346195e-09
    6.88691016e-10]
   [5.07969229e-09 5.64181864e-09 3.60794662e-09 1.31802474e-09
    2.30080162e-10]]

  ...

  [[5.02525323e-12 4.13331237e-12 4.09107391e-12 6.86652608e-12
    1.03281373e-11]
   [8.47180622e-12 9.01436494e-12 9.32599586e-12 1.35906648e-11
    1.99889259e-11]
   [1.10653321e-11 1.12338184e-11 1.18455978e-11 1.73214390e-11
    2.50183655e-11]
   [1.21276090e-11 1.07431134e-11 1.11687350e-11 1.51959443e-11
    2.10238253e-11]
   [8.17966312e-12 6.07289524e-12 5.28869819e-12 8.02341443e-12
    1.09384876e-11]]

  [[1.21484713e-13 9.67454050e-14 3.18592742e-13 9.25901261e-13
    1.41499151e-12]
   [2.94925267e-13 2.90514240e-13 3.73893422e-13 8.54725096e-13
    1.66018787e-12]
   [4.43918114e-13 3.69436577e-13 4.49367189e-13 8.27295950e-13
    1.74099796e-12]
   [3.51217028e-13 2.15224987e-13 3.87940466e-13 9.85095270e-13
    1.88499400e-12]
   [1.49102398e-13 1.34983392e-13 3.69215139e-13 1.16420122e-12
    1.90746846e-12]]

  [[1.99912572e-14 4.44530731e-14 1.09947075e-13 2.26829046e-13
    3.40521786e-13]
   [3.56855316e-14 5.29853184e-14 1.17173513e-13 2.60572676e-13
    4.32045700e-13]
   [4.27621725e-14 5.94707535e-14 1.27916294e-13 2.84511981e-13
    4.81781521e-13]
   [3.57097495e-14 5.62462983e-14 1.28005321e-13 2.81822732e-13
    4.62728085e-13]
   [2.99939355e-14 5.79953368e-14 1.20042648e-13 2.47981215e-13
    3.84164977e-13]]]


 [[[3.26431540e-06 1.29250791e-07 1.37490423e-08 1.12308187e-08
    3.08146464e-09]
   [2.85203294e-07 5.01496796e-08 5.57380765e-08 1.38714164e-08
    4.21645521e-09]
   [7.31228245e-08 4.42737999e-08 6.27554245e-09 4.24896365e-09
    1.98184849e-09]
   [3.32658159e-08 2.00474973e-08 3.07869511e-09 1.90779660e-09
    8.29719537e-10]
   [1.66956852e-09 1.99759514e-09 6.63436639e-10 3.81129235e-10
    1.05000390e-10]]

  [[6.40203724e-07 3.47515200e-07 3.84443279e-08 1.47612377e-08
    2.99113694e-09]
   [3.12633411e-07 1.71018155e-07 2.58481114e-08 1.48546393e-08
    3.89491047e-09]
   [6.90314805e-08 5.00212367e-08 1.41285958e-08 9.17882594e-09
    1.65041297e-09]
   [1.82719915e-08 1.24680661e-08 5.26156371e-09 1.97023102e-09
    8.48731603e-10]
   [6.69631897e-09 5.66255616e-09 1.73206667e-09 8.78619367e-10
    1.90779493e-10]]

  [[3.61131668e-07 1.78988112e-07 5.93874029e-08 5.83546101e-09
    3.46146956e-09]
   [8.18133694e-08 1.06341006e-07 2.89612029e-08 6.77002536e-09
    4.37502245e-09]
   [2.80548167e-08 2.73924331e-08 1.53971698e-08 4.10403020e-09
    2.08506016e-09]
   [2.41658853e-08 2.14675747e-08 7.71554821e-09 1.97561548e-09
    6.88912667e-10]
   [5.08164011e-09 5.63728459e-09 3.60649156e-09 1.31774147e-09
    2.29848663e-10]]

  ...

  [[5.03898847e-12 4.14844609e-12 4.11233794e-12 6.90491932e-12
    1.03868627e-11]
   [8.49514529e-12 9.04138922e-12 9.36854780e-12 1.36667972e-11
    2.00941800e-11]
   [1.10959468e-11 1.12667867e-11 1.18936025e-11 1.74119262e-11
    2.51468416e-11]
   [1.21627714e-11 1.07795009e-11 1.12154650e-11 1.52706657e-11
    2.11275657e-11]
   [8.20901613e-12 6.09734826e-12 5.31371315e-12 8.06063254e-12
    1.09892730e-11]]

  [[1.22421902e-13 9.70757569e-14 3.18295903e-13 9.25139859e-13
    1.41367312e-12]
   [2.96625961e-13 2.91770420e-13 3.73825235e-13 8.53258037e-13
    1.65831335e-12]
   [4.46518660e-13 3.71400647e-13 4.49898482e-13 8.25661681e-13
    1.73855741e-12]
   [3.53679108e-13 2.16404988e-13 3.88109463e-13 9.83537424e-13
    1.88263860e-12]
   [1.50305696e-13 1.35370958e-13 3.68717693e-13 1.16289850e-12
    1.90517326e-12]]

  [[1.99800757e-14 4.44880933e-14 1.10133661e-13 2.27321379e-13
    3.41263553e-13]
   [3.56782076e-14 5.30112414e-14 1.17332072e-13 2.61063789e-13
    4.32874917e-13]
   [4.27474799e-14 5.94982940e-14 1.28087628e-13 2.85017846e-13
    4.82649892e-13]
   [3.56785355e-14 5.62817190e-14 1.28181709e-13 2.82349722e-13
    4.63592644e-13]
   [2.99792539e-14 5.80340583e-14 1.20229759e-13 2.48483188e-13
    3.84953424e-13]]]


 [[[0.00000000e+00 0.00000000e+00 0.00000000e+00 0.00000000e+00
    0.00000000e+00]
   [0.00000000e+00 0.00000000e+00 0.00000000e+00 0.00000000e+00
    0.00000000e+00]
   [0.00000000e+00 0.00000000e+00 0.00000000e+00 0.00000000e+00
    0.00000000e+00]
   [0.00000000e+00 0.00000000e+00 0.00000000e+00 0.00000000e+00
    0.00000000e+00]
   [0.00000000e+00 0.00000000e+00 0.00000000e+00 0.00000000e+00
    0.00000000e+00]]

  [[0.00000000e+00 0.00000000e+00 0.00000000e+00 0.00000000e+00
    0.00000000e+00]
   [0.00000000e+00 0.00000000e+00 0.00000000e+00 0.00000000e+00
    0.00000000e+00]
   [0.00000000e+00 0.00000000e+00 0.00000000e+00 0.00000000e+00
    0.00000000e+00]
   [0.00000000e+00 0.00000000e+00 0.00000000e+00 0.00000000e+00
    0.00000000e+00]
   [0.00000000e+00 0.00000000e+00 0.00000000e+00 0.00000000e+00
    0.00000000e+00]]

  [[0.00000000e+00 0.00000000e+00 0.00000000e+00 0.00000000e+00
    0.00000000e+00]
   [0.00000000e+00 0.00000000e+00 0.00000000e+00 0.00000000e+00
    0.00000000e+00]
   [0.00000000e+00 0.00000000e+00 0.00000000e+00 0.00000000e+00
    0.00000000e+00]
   [0.00000000e+00 0.00000000e+00 0.00000000e+00 0.00000000e+00
    0.00000000e+00]
   [0.00000000e+00 0.00000000e+00 0.00000000e+00 0.00000000e+00
    0.00000000e+00]]

  ...

  [[0.00000000e+00 0.00000000e+00 0.00000000e+00 0.00000000e+00
    0.00000000e+00]
   [0.00000000e+00 0.00000000e+00 0.00000000e+00 0.00000000e+00
    0.00000000e+00]
   [0.00000000e+00 0.00000000e+00 0.00000000e+00 0.00000000e+00
    0.00000000e+00]
   [0.00000000e+00 0.00000000e+00 0.00000000e+00 0.00000000e+00
    0.00000000e+00]
   [0.00000000e+00 0.00000000e+00 0.00000000e+00 0.00000000e+00
    0.00000000e+00]]

  [[0.00000000e+00 0.00000000e+00 0.00000000e+00 0.00000000e+00
    0.00000000e+00]
   [0.00000000e+00 0.00000000e+00 0.00000000e+00 0.00000000e+00
    0.00000000e+00]
   [0.00000000e+00 0.00000000e+00 0.00000000e+00 0.00000000e+00
    0.00000000e+00]
   [0.00000000e+00 0.00000000e+00 0.00000000e+00 0.00000000e+00
    0.00000000e+00]
   [0.00000000e+00 0.00000000e+00 0.00000000e+00 0.00000000e+00
    0.00000000e+00]]

  [[0.00000000e+00 0.00000000e+00 0.00000000e+00 0.00000000e+00
    0.00000000e+00]
   [0.00000000e+00 0.00000000e+00 0.00000000e+00 0.00000000e+00
    0.00000000e+00]
   [0.00000000e+00 0.00000000e+00 0.00000000e+00 0.00000000e+00
    0.00000000e+00]
   [0.00000000e+00 0.00000000e+00 0.00000000e+00 0.00000000e+00
    0.00000000e+00]
   [0.00000000e+00 0.00000000e+00 0.00000000e+00 0.00000000e+00
    0.00000000e+00]]]]