[[[[5.41666667e-11 3.90625065e-21 1.92592994e-33 1.92592994e-33
    6.54816181e-33]
   [3.90625065e-21 1.95312397e-21 3.65926689e-33 2.50370893e-33
    9.43705673e-33]
   [1.92592994e-33 3.65926689e-33 5.20001085e-33 5.00741786e-33
    9.62964972e-33]
   [1.92592994e-33 2.50370893e-33 5.00741786e-33 6.93334780e-33
    6.93334780e-33]
   [6.54816181e-33 9.43705673e-33 9.62964972e-33 6.93334780e-33
    1.65629975e-32]]

  [[6.25000000e-12 3.12492187e-12 3.65926689e-33 2.50370893e-33
    9.43705673e-33]
   [3.12492187e-12 2.08326389e-12 4.81482486e-33 2.88889492e-33
    1.13629867e-32]
   [3.65926689e-33 4.81482486e-33 5.20001085e-33 4.42963887e-33
    1.05926147e-32]
   [2.50370893e-33 2.88889492e-33 4.42963887e-33 5.58519684e-33
    7.89631277e-33]
   [9.43705673e-33 1.13629867e-32 1.05926147e-32 7.89631277e-33
    1.84889275e-32]]

  [[1.92592994e-33 3.65926689e-33 5.20001085e-33 5.00741786e-33
    9.62964972e-33]
   [3.65926689e-33 4.81482486e-33 5.20001085e-33 4.42963887e-33
    1.05926147e-32]
   [5.20001085e-33 5.20001085e-33 6.16297582e-33 7.12594079e-33
    1.11703937e-32]
   [5.00741786e-33 4.42963887e-33 7.12594079e-33 1.04000217e-32
    1.07852077e-32]
   [9.62964972e-33 1.05926147e-32 1.11703937e-32 1.07852077e-32
    1.86815205e-32]]

  ...

  [[1.92592994e-33 2.50370893e-33 5.00741786e-33 6.93334780e-33
    6.93334780e-33]
   [2.50370893e-33 2.88889492e-33 4.42963887e-33 5.58519684e-33
    7.89631277e-33]
   [5.00741786e-33 4.42963887e-33 7.12594079e-33 1.04000217e-32
    1.07852077e-32]
   [6.93334780e-33 5.58519684e-33 1.04000217e-32 1.65629975e-32
    1.27111376e-32]
   [6.93334780e-33 7.89631277e-33 1.07852077e-32 1.27111376e-32
    1.69481835e-32]]

  [[6.54816181e-33 9.43705673e-33 9.62964972e-33 6.93334780e-33
    1.38666956e-32]
   [9.43705673e-33 1.13629867e-32 1.05926147e-32 7.89631277e-33
    1.71407765e-32]
   [9.62964972e-33 1.05926147e-32 1.11703937e-32 1.07852077e-32
    1.86815205e-32]
   [6.93334780e-33 7.89631277e-33 1.07852077e-32 1.27111376e-32
    1.69481835e-32]
   [1.38666956e-32 1.71407765e-32 1.86815205e-32 1.69481835e-32
    3.08148791e-32]]

  [[1.11703937e-32 1.63704045e-32 1.42518816e-32 6.93334780e-33
    2.08000434e-32]
   [1.63704045e-32 1.98370784e-32 1.67555905e-32 1.02074287e-32
    2.63852402e-32]
   [1.42518816e-32 1.67555905e-32 1.52148466e-32 1.11703937e-32
    2.65778332e-32]
   [6.93334780e-33 1.02074287e-32 1.11703937e-32 8.85927774e-33
    2.11852294e-32]
   [2.08000434e-32 2.63852402e-32 2.65778332e-32 2.11852294e-32
    4.46815747e-32]]]


 [[[1.25001155e-05 6.25044197e-20 9.82254422e-25 1.92593149e-33
    6.54818144e-33]
   [6.25089474e-20 3.12549038e-20 1.75355556e-26 2.50370908e-33
    9.43707717e-33]
   [2.09564838e-24 1.13469885e-24 5.38474349e-26 5.00742220e-33
    9.62967037e-33]
   [1.92593219e-33 2.50371220e-33 5.00743165e-33 6.93335422e-33
    6.93336967e-33]
   [6.54816322e-33 9.43706103e-33 9.62966180e-33 6.93334788e-33
    1.65630276e-32]]

  [[2.49997758e-11 1.24992691e-11 1.59229514e-24 2.50371339e-33
    9.43707796e-33]
   [1.24992665e-11 8.33270322e-12 6.94421441e-25 2.88889636e-33
    1.13630069e-32]
   [2.97948820e-26 3.47167533e-25 1.01181433e-24 4.42964536e-33
    1.05926363e-32]
   [2.50371986e-33 2.88890263e-33 4.42965617e-33 5.58521454e-33
    7.89634353e-33]
   [9.43705917e-33 1.13629900e-32 1.05926254e-32 7.89631737e-33
    1.84889557e-32]]

  [[8.64748469e-24 4.25964055e-24 1.31437961e-24 5.00742312e-33
    9.62967833e-33]
   [8.35071126e-24 5.46850185e-24 1.71852067e-24 4.42964516e-33
    1.05926453e-32]
   [1.76339855e-24 2.33735004e-24 1.98957930e-24 7.12594744e-33
    1.11704223e-32]
   [5.00742254e-33 4.42964575e-33 7.12595411e-33 1.04000240e-32
    1.07852334e-32]
   [9.62966801e-33 1.05926361e-32 1.11704167e-32 1.07852164e-32
    1.86815634e-32]]

  ...

  [[1.92593071e-33 2.50371127e-33 5.00743018e-33 6.93335165e-33
    6.93336819e-33]
   [2.50370916e-33 2.88889699e-33 4.42964843e-33 5.58519841e-33
    7.89633310e-33]
   [5.00742162e-33 4.42964270e-33 7.12595397e-33 1.04000301e-32
    1.07852333e-32]
   [6.93335082e-33 5.58520178e-33 1.04000392e-32 1.65630062e-32
    1.27111671e-32]
   [6.93334820e-33 7.89631785e-33 1.07852201e-32 1.27111378e-32
    1.69482121e-32]]

  [[6.54817977e-33 9.43707703e-33 9.62968295e-33 6.93337474e-33
    1.38667375e-32]
   [9.43707241e-33 1.13630027e-32 1.05926393e-32 7.89633198e-33
    1.71408133e-32]
   [9.62967262e-33 1.05926351e-32 1.11704253e-32 1.07852412e-32
    1.86815658e-32]
   [6.93338070e-33 7.89634466e-33 1.07852577e-32 1.27111945e-32
    1.69482492e-32]
   [1.38667146e-32 1.71407967e-32 1.86815523e-32 1.69482145e-32
    3.08149321e-32]]

  [[1.11703944e-32 1.63704084e-32 1.42518939e-32 6.93334857e-33
    2.08000747e-32]
   [1.63704065e-32 1.98370829e-32 1.67556010e-32 1.02074290e-32
    2.63852741e-32]
   [1.42518818e-32 1.67555932e-32 1.52148550e-32 1.11703947e-32
    2.65778630e-32]
   [6.93335082e-33 1.02074352e-32 1.11704063e-32 8.85928339e-33
    2.11852629e-32]
   [2.08000474e-32 2.63852504e-32 2.65778468e-32 2.11852305e-32
    4.46816222e-32]]]


 [[[1.25000828e-05 3.16479612e-19 1.57159191e-23 1.92593476e-33
    6.54833863e-33]
   [3.22178351e-19 1.61096147e-19 8.61368399e-24 2.50370912e-33
    9.43723906e-33]
   [3.35294387e-23 1.81546952e-23 8.61636218e-25 5.00743761e-33
    9.62983388e-33]
   [1.92594303e-33 2.50373577e-33 5.00753395e-33 6.93337840e-33
    6.93353770e-33]
   [6.54817202e-33 9.43708878e-33 9.62975761e-33 6.93335137e-33
    1.65632634e-32]]

  [[5.62486858e-11 2.81222585e-11 2.54773167e-23 2.50373742e-33
    9.43724779e-33]
   [2.81222180e-11 1.87476631e-11 2.36107256e-23 2.88890772e-33
    1.13631709e-32]
   [4.76756441e-25 5.55461523e-24 1.61889180e-23 4.42967114e-33
    1.05928027e-32]
   [2.50379071e-33 2.88895811e-33 4.42978023e-33 5.58531364e-33
    7.89657291e-33]
   [9.43708570e-33 1.13630213e-32 1.05927154e-32 7.89635795e-33
    1.84891904e-32]]

  [[1.38359742e-22 6.81540516e-23 2.10308083e-23 5.00747328e-33
    9.62990717e-33]
   [1.08611558e-22 7.49972035e-23 3.58291048e-23 4.42969298e-33
    1.05928737e-32]
   [2.82140009e-23 3.73972104e-23 3.18337395e-23 7.12601678e-33
    1.11706663e-32]
   [5.00747097e-33 4.42970658e-33 7.12607101e-33 1.04000548e-32
    1.07854491e-32]
   [9.62979449e-33 1.05927754e-32 1.11705802e-32 1.07852887e-32
    1.86818676e-32]]

  ...

  [[1.92593168e-33 2.50372846e-33 5.00752395e-33 6.93335781e-33
    6.93352519e-33]
   [2.50370984e-33 2.88891219e-33 4.42972176e-33 5.58519823e-33
    7.89649168e-33]
   [5.00743703e-33 4.42966798e-33 7.12605112e-33 1.04000547e-32
    1.07854248e-32]
   [6.93336262e-33 5.58523719e-33 1.04001685e-32 1.65630333e-32
    1.27113899e-32]
   [6.93335174e-33 7.89635566e-33 1.07853200e-32 1.27111419e-32
    1.69484400e-32]]

  [[6.54832365e-33 9.43723944e-33 9.62993669e-33 6.93355793e-33
    1.38670754e-32]
   [9.43719940e-33 1.13631405e-32 1.05928463e-32 7.89648478e-33
    1.71411323e-32]
   [9.62982948e-33 1.05927878e-32 1.11706541e-32 1.07854399e-32
    1.86819060e-32]
   [6.93361470e-33 7.89658596e-33 1.07856263e-32 1.27115677e-32
    1.69487457e-32]
   [1.38668924e-32 1.71409898e-32 1.86818316e-32 1.69484697e-32
    3.08154133e-32]]

  [[1.11703954e-32 1.63704287e-32 1.42519854e-32 6.93335088e-33
    2.08003093e-32]
   [1.63704134e-32 1.98371043e-32 1.67556751e-32 1.02074312e-32
    2.63855210e-32]
   [1.42518848e-32 1.67556122e-32 1.52149213e-32 1.11703968e-32
    2.65780915e-32]
   [6.93336262e-33 1.02074737e-32 1.11704936e-32 8.85930661e-33
    2.11855083e-32]
   [2.08000634e-32 2.63853038e-32 2.65779356e-32 2.11852392e-32
    4.46819656e-32]]]


 ...


 [[[4.02146849e-06 3.16611279e-07 4.90905529e-08 1.93241100e-08
    5.98535246e-09]
   [5.59365516e-07 1.20137264e-07 1.07726364e-07 2.01585631e-08
    7.35309716e-09]
   [9.66534736e-08 4.73310452e-08 1.01518357e-08 5.80548749e-09
    2.64628036e-09]
   [3.96600465e-08 2.68471949e-08 4.31663600e-09 2.31272901e-09
    1.67833541e-09]
   [2.53468283e-09 2.54902924e-09 1.17860766e-09 4.69448033e-10
    1.95895023e-10]]

  [[1.53113513e-06 1.07188175e-06 5.53817247e-08 2.22923444e-08
    6.21698569e-09]
   [6.95049528e-07 3.13214236e-07 3.03083357e-08 1.73199246e-08
    7.14480054e-09]
   [4.17854261e-07 1.84210623e-07 3.94550775e-08 1.11497795e-08
    3.48897437e-09]
   [3.40907774e-08 3.47974055e-08 5.66268706e-09 3.65327716e-09
    1.33733493e-09]
   [3.04664834e-08 3.60875463e-08 3.20616527e-09 1.52861064e-09
    3.42344776e-10]]

  [[5.21697210e-07 2.90644769e-07 7.15697955e-08 1.11741765e-08
    3.71824909e-09]
   [1.49926439e-07 1.91801650e-07 6.45766501e-08 1.44551907e-08
    4.67387034e-09]
   [4.33676922e-08 5.65479728e-08 2.05298035e-08 5.47055806e-09
    2.98789116e-09]
   [3.74187839e-08 4.85153968e-08 1.09440901e-08 6.12993242e-09
    1.63968666e-09]
   [8.33413455e-09 1.01836947e-08 6.08630066e-09 2.47504476e-09
    4.63623265e-10]]

  ...

  [[7.12143925e-12 5.52822913e-12 4.92524301e-12 8.05623554e-12
    1.29101909e-11]
   [1.22424610e-11 1.18247816e-11 1.12579039e-11 1.59623651e-11
    2.55348027e-11]
   [1.79791473e-11 1.58714018e-11 1.60519014e-11 2.11508776e-11
    3.23943925e-11]
   [1.88407886e-11 1.44106652e-11 1.34106673e-11 1.85501787e-11
    2.70552000e-11]
   [1.15210811e-11 8.95852989e-12 6.87938231e-12 9.11588545e-12
    1.34740295e-11]]

  [[1.35016321e-13 1.10915816e-13 4.64867916e-13 1.38286211e-12
    1.90385420e-12]
   [3.39314958e-13 3.43352044e-13 5.72637236e-13 1.40705276e-12
    2.24897411e-12]
   [4.94970959e-13 4.50928219e-13 7.25933408e-13 1.43552800e-12
    2.35453105e-12]
   [3.85741330e-13 2.25253488e-13 5.55803911e-13 1.60567241e-12
    2.51873749e-12]
   [1.55076785e-13 1.42293187e-13 4.65411691e-13 1.60880615e-12
    2.46398601e-12]]

  [[2.78507267e-14 6.20498753e-14 1.49970913e-13 3.04250254e-13
    4.35445237e-13]
   [5.48207178e-14 7.32587794e-14 1.58309858e-13 3.59825454e-13
    5.79304562e-13]
   [6.88059282e-14 8.35288910e-14 1.69115613e-13 3.80484889e-13
    6.41026166e-13]
   [5.37429476e-14 8.86418444e-14 1.70069093e-13 3.82595593e-13
    6.06076986e-13]
   [3.78385996e-14 7.54732800e-14 1.58571835e-13 3.19872513e-13
    4.79342189e-13]]]


 [[[4.01591557e-06 3.16773523e-07 4.90056204e-08 1.93277052e-08
    5.99959514e-09]
   [5.59011719e-07 1.20170748e-07 1.07588067e-07 2.01510180e-08
    7.37021529e-09]
   [9.64244558e-08 4.72514660e-08 1.01302686e-08 5.80311792e-09
    2.65080495e-09]
   [3.96733591e-08 2.68730893e-08 4.31235293e-09 2.31183093e-09
    1.67865001e-09]
   [2.52842258e-09 2.54578994e-09 1.17747184e-09 4.70529390e-10
    1.96252782e-10]]

  [[1.53313439e-06 1.07278964e-06 5.55409160e-08 2.23166654e-08
    6.22916754e-09]
   [6.96438803e-07 3.13477715e-07 3.03189828e-08 1.73538093e-08
    7.15637762e-09]
   [4.18366358e-07 1.84312915e-07 3.95318862e-08 1.11654399e-08
    3.49402371e-09]
   [3.41768581e-08 3.48763022e-08 5.67572011e-09 3.65184387e-09
    1.34017199e-09]
   [3.05110520e-08 3.61237700e-08 3.21276229e-09 1.52982690e-09
    3.43221050e-10]]

  [[5.20918229e-07 2.89960286e-07 7.16636646e-08 1.11804166e-08
    3.72463109e-09]
   [1.49762383e-07 1.91220603e-07 6.46000074e-08 1.44718658e-08
    4.67865851e-09]
   [4.33410902e-08 5.64282172e-08 2.05438242e-08 5.46800072e-09
    2.98751934e-09]
   [3.73859069e-08 4.84256412e-08 1.09189517e-08 6.13231172e-09
    1.64151335e-09]
   [8.32771019e-09 1.01668659e-08 6.08532159e-09 2.47935239e-09
    4.64070359e-10]]

  ...

  [[7.14460156e-12 5.55239325e-12 4.95304295e-12 8.10528854e-12
    1.29906467e-11]
   [1.22825297e-11 1.18681586e-11 1.13181005e-11 1.60651851e-11
    2.56982973e-11]
   [1.80371845e-11 1.59272161e-11 1.61305797e-11 2.12860590e-11
    3.26030168e-11]
   [1.89053426e-11 1.44678763e-11 1.34764370e-11 1.86689368e-11
    2.72267203e-11]
   [1.15684678e-11 8.99873548e-12 6.92049990e-12 9.17289206e-12
    1.35595020e-11]]

  [[1.36143222e-13 1.11194669e-13 4.64347650e-13 1.38173074e-12
    1.90176825e-12]
   [3.41578437e-13 3.44627310e-13 5.72238182e-13 1.40440757e-12
    2.24450349e-12]
   [4.98299074e-13 4.52815430e-13 7.26099377e-13 1.43240820e-12
    2.34873760e-12]
   [3.88762852e-13 2.26488180e-13 5.55442696e-13 1.60278407e-12
    2.51306987e-12]
   [1.56448836e-13 1.42521120e-13 4.64419728e-13 1.60655629e-12
    2.45943759e-12]]

  [[2.78385334e-14 6.21053361e-14 1.50256928e-13 3.04952436e-13
    4.36414673e-13]
   [5.48051739e-14 7.32839666e-14 1.58522776e-13 3.60520470e-13
    5.80372741e-13]
   [6.88048411e-14 8.35558417e-14 1.69338924e-13 3.81190102e-13
    6.42138546e-13]
   [5.37376125e-14 8.86648766e-14 1.70315428e-13 3.83367476e-13
    6.07167261e-13]
   [3.78294750e-14 7.55395208e-14 1.58811977e-13 3.20543576e-13
    4.80308069e-13]]]


 [[[0.00000000e+00 0.00000000e+00 0.00000000e+00 0.00000000e+00
    0.00000000e+00]
   [0.00000000e+00 0.00000000e+00 0.00000000e+00 0.00000000e+00
    0.00000000e+00]
   [0.00000000e+00 0.00000000e+00 0.00000000e+00 0.00000000e+00
    0.00000000e+00]
   [0.00000000e+00 0.00000000e+00 0.00000000e+00 0.00000000e+00
    0.00000000e+00]
   [0.00000000e+00 0.00000000e+00 0.00000000e+00 0.00000000e+00
    0.00000000e+00]]

  [[0.00000000e+00 0.00000000e+00 0.00000000e+00 0.00000000e+00
    0.00000000e+00]
   [0.00000000e+00 0.00000000e+00 0.00000000e+00 0.00000000e+00
    0.00000000e+00]
   [0.00000000e+00 0.00000000e+00 0.00000000e+00 0.00000000e+00
    0.00000000e+00]
   [0.00000000e+00 0.00000000e+00 0.00000000e+00 0.00000000e+00
    0.00000000e+00]
   [0.00000000e+00 0.00000000e+00 0.00000000e+00 0.00000000e+00
    0.00000000e+00]]

  [[0.00000000e+00 0.00000000e+00 0.00000000e+00 0.00000000e+00
    0.00000000e+00]
   [0.00000000e+00 0.00000000e+00 0.00000000e+00 0.00000000e+00
    0.00000000e+00]
   [0.00000000e+00 0.00000000e+00 0.00000000e+00 0.00000000e+00
    0.00000000e+00]
   [0.00000000e+00 0.00000000e+00 0.00000000e+00 0.00000000e+00
    0.00000000e+00]
   [0.00000000e+00 0.00000000e+00 0.00000000e+00 0.00000000e+00
    0.00000000e+00]]

  ...

  [[0.00000000e+00 0.00000000e+00 0.00000000e+00 0.00000000e+00
    0.00000000e+00]
   [0.00000000e+00 0.00000000e+00 0.00000000e+00 0.00000000e+00
    0.00000000e+00]
   [0.00000000e+00 0.00000000e+00 0.00000000e+00 0.00000000e+00
    0.00000000e+00]
   [0.00000000e+00 0.00000000e+00 0.00000000e+00 0.00000000e+00
    0.00000000e+00]
   [0.00000000e+00 0.00000000e+00 0.00000000e+00 0.00000000e+00
    0.00000000e+00]]

  [[0.00000000e+00 0.00000000e+00 0.00000000e+00 0.00000000e+00
    0.00000000e+00]
   [0.00000000e+00 0.00000000e+00 0.00000000e+00 0.00000000e+00
    0.00000000e+00]
   [0.00000000e+00 0.00000000e+00 0.00000000e+00 0.00000000e+00
    0.00000000e+00]
   [0.00000000e+00 0.00000000e+00 0.00000000e+00 0.00000000e+00
    0.00000000e+00]
   [0.00000000e+00 0.00000000e+00 0.00000000e+00 0.00000000e+00
    0.00000000e+00]]

  [[0.00000000e+00 0.00000000e+00 0.00000000e+00 0.00000000e+00
    0.00000000e+00]
   [0.00000000e+00 0.00000000e+00 0.00000000e+00 0.00000000e+00
    0.00000000e+00]
   [0.00000000e+00 0.00000000e+00 0.00000000e+00 0.00000000e+00
    0.00000000e+00]
   [0.00000000e+00 0.00000000e+00 0.00000000e+00 0.00000000e+00
    0.00000000e+00]
   [0.00000000e+00 0.00000000e+00 0.00000000e+00 0.00000000e+00
    0.00000000e+00]]]]